1 0.216282 0.484126 0.146208 0.14341
1 0.846872 0.50649 0.122341 0.217045
2 0.33186 0.38236 0.101598 0.132543
1 0.203514 0.318555 0.147279 0.111123
1 0.84122 0.289355 0.0834775 0.109625
2 0.757531 0.371351 0.0954105 0.094195
0 0.925808 0.223239 0.0941925 0.118708
0 0.0875672 0.547011 0.106687 0.184956
0 0.0828879 0.256147 0.0992231 0.164771
0 0.939831 0.582724 0.0772241 0.144278
3 0.556055 0.386219 0.104955 0.0894573
0 0.583404 0.709285 0.100918 0.154294
1 0.660292 0.374594 0.108189 0.0147863
1 0.565916 0.528855 0.0164906 0.221934
1 0.445087 0.395464 0.125165 0.0123174
1 0.565567 0.528085 0.0246921 0.229558
