2 0.63856 0.618566 0.0796423 0.0868431
2 0.649688 0.271092 0.0807507 0.105563
2 0.40873 0.616894 0.0710467 0.100398
2 0.403626 0.264154 0.0787601 0.098452
0 0.151037 0.252948 0.0907846 0.120951
0 0.865566 0.598567 0.0736969 0.118272
0 0.870376 0.27993 0.0740222 0.103793
0 0.158353 0.617945 0.092131 0.162472
1 0.758016 0.611561 0.151665 0.0144539
1 0.292588 0.623102 0.167454 0.020707
1 0.524992 0.618095 0.148515 0.0109281
1 0.530638 0.276212 0.164881 0.013252
1 0.282633 0.265727 0.179363 0.012615
1 0.525132 0.615659 0.151016 0.0131757
1 0.528446 0.278295 0.166619 0.0117346
1 0.761807 0.278725 0.150144 0.00916383
1 0.403287 0.432776 0.0107151 0.290326
1 0.761677 0.276668 0.150534 0.0102879
